CONSPECTUS RERUM ET LOCORUM.

II 26, 42 p. 24. 132. 163. 178

27, 43 p. 50. 127. 131. 178

27, 44 p. 25 bis. 127. 176

28, 45 p. 22. 26. 27. 87. 89. 97.
152. 163. 165.

29, 46 p. 50bis. 87. 154. 165. 167
bis. 171

30, 47 p. 28. 30. 49. 51. 94. 98.
111. 116. 130. 168. 172

30, 48 p. 23. 28. 32. 130.165.
169.177

30, 49 p. 23. 25. 40. 42. 47. 165.
166.170

31, 50 p. 25. 46. 51. 85. 124.
130. 163. 165. 167. 170

ΙΠ 1, 1 p. 84. 85
2,2 p. 27. 28 bis. 48. 88.
quinquiens. 166. 169. 177
2,3 Ρ. 29. 48. 90. 91. 96. 128.
3,4 Ρ. 22. 28. 48. 91. 112. 166.

103

. 164. 174

. 89. 128

. 30. 40. 97. 163. 173
. 163. 170. 177

. 48. 103. 125.

. 9Ο.178

6,12 p. 28. 178

7,13 p. 27. 42. 166. 176. 177

7,14 Ρ. 49. 86. 167. 175

8, 15 p. 27. 28. 30. 46. 88. 102.
111. 170. 175

9,16 p. 126. 172. 178

9,17 Ρ. 50. 164

10, 17 p. 51

10, 18 p. 47. 163

11, 19 p. 49. 151. 171

11, 20 p. 48. 49. 88. 111

12, 20 p. 111

12, 21 p. 22. 25. 46. 89. 93. 163

12, 22 p. 24. 27. 41. 47. 48. 50.
164. 170

13, 23 p. 170

13, 24 p. 88

14, 24 p. 37. 50. 164. 169. 173.

14,25 p. 13. 24. 27. 30. 44 bis.
87. 89. 169. 170. 176

15, 26 p. 46. 47. 48. 164

15, 27 p. 24. 27. 30. 44. 47. 85.
160. 165. 170

16, 28 p. 24. 25. 47

183

ΙΙΙ 16, 29 Ρ. 24. 49. 53. 173

16, 30 p. 90

17, 30 p. 41. 75. 116. 166. 167.

18, 30 p. 166

18,31 p. 46. 172

19, 31 p 22. 90 169. 172

19, 32 Ρ. 27. 40. 41. 44. 53. 164

20, 33 p 22. 5ο. 9οὺῑε. 98

20, 34 p. 47. 172

21, 34 p. 37. 44. 45. 54. 87. 132.
163. 164. 178

22, 35 p. 41. 42. 43. 50. 54

22, 36 p. 28. 30. 50. 88. 90

22, 37 p. 25. 29 bis, 47 bis. 173.

23,38 p. 21. 49. 50. 87. 115.
122. 166

23, 39 p. 49. 165. 166. 173

24, 39 p. 29 bis. 87

24, 40 p. 25. 48. 49. 85. 86. 87.
91 bis. 116. 166

IV 1,1 p. 27. 48. 98. 115. 122. 144.

166. 168. 169. 178
1,2 p. 23. 50. 117. 165. 167
2,2 p. 50 118. 174
2, 3 p. 91
2, 4 p. 22. 51
3,4 p. 30 ter. 42. 167

3,5 p. 9. 19. 47 bis. 118. 136.
163. 171

3,ss 1124. 27. 5obis. 113. 164.

4, 6⁰ss 24. 29. 50. 172

4, 7 p. 955⁸. 22. 24. 50. 132. 173.

5, 77} 49. 50. 115. 135. 152.
167. 171. 174

5, 8 p. 44. 178

6,9 p. 27. 37. 48. 49 bis. 87.
112. 159. 164. 166. 167. 172
7,10 p. 73. 112. 115. 121. 122.
164. 175. 178

8, 11 p. 42. 90. 163. 164

s, 12 p. 27. 30. 42 ter. 46. 46.
50. 88. 91. 100. 153. 167. 168
bis. 170. 175

9,13 p. 24. 30. 49. 101. 169.
170. 177

10,14 p. 22. 47 bis. 101. 164.
165 ter. 169. 173 bis

10,15 p. 28. 50. 60. 90. 94. 140.
169. 173

11,16 p. 160. 172. 177. 178

