182 CONSPECTUS RERUM ET LOCORUM.

ad Her. p. 151 ψ- De tempore quo libri ad Her. scripti sint p. 153 -
De Graecis auctoribus librorum de inu. eb ad Her. Ρ. 156 - De ortho-
graphiae rationibus p. 162 -— De sermone scriptoris ad Her. p. 167 —
De huius editionis rahione et subsidiis p. 179 —

Ι 1,1 Ρ. 49. 50. 75. 85. 86. 87bis. I[3,5 Ρ. 509452‘3. 155. 170.177.178
115. 122. 151 4,6 Ρ. 27. 29. 40. 49
2,3 p. 47. 169. 174 4,7 p. 23. 27 bis. 50. 85. 86. 89.
3,5 p. 41. 103. 177 165. 171 bis. 173
4,6 Ρ. 90. 116 bis. 131. 165 5,8 p. 19. 90. 171
4, 8 p. 91 6, 9 Ρ. 42. 176
5,8 p. 38. 90. 170. 173. 177 7, 10 p. 91. 164 bis. 170

6, 9 Ρ. 119. 121

6, 10 p. 27 bis. 32. 47. 49. 50. 86.
164. 165. 169. 170

7, 11 p. 30 bis. 49. 87 bis. 94. 121.

8,12 Ρ. 30. 110. 173

8,13 p. 18. 125. 164

9, 14 Ρ. 25. 125

9, 15 p. 48. 131. 140. 172

9,16 p. 5. 30. 50. 86. 119. 151.

10,17 Ρ. 70. 110. 176

11,18 p. 17. 27. 41. 50 ter. 82.
86. 94 bis. 109. 122. 124, 150.
151. 157

11,19 p. 107. 109. 131. 171

11, 20 Ρ. 108

12, 20 p. 6. 107. 108. 163. 167

12,⁶21 p. 16. 23. 97. 108. 153.
166. 167

12, 22 Ρ. 6. 18. 25. 47. 109. 165.
169

13, 23 p. 106. 107. 174

14¹ 24 p. 5052‘3. 104. 106. 109. 110
bis. 132. 165. 177

15, 25 p. 9. 27. 50. 88. 106. 108.

16, 25 p. 91

16‚26 p. 26. 50. 87. 94. 110. 116.
163. 169

17, 27 p. 50. 85. 86. 88. 148. 164.
166. 169

11 1, 1 p. 26. 28. 30. 48. 50. 84. 102.
2, 213). 49. 84. 116. 163. 164. 174
2, 3 Ρ. 27 bis. 51

3, 4 p. 24. 164

7, 11 p. 90. 167. 173

8,12 p. 22. 48. 85. 88. 91. 102.
165. 166. 173

9, 13. Ρ. 50. 94. 169

10, 14 Ρ. 26. 50. 94. 165. 178

10, 15 Ρ. 165. 167. 176

11, 16 p. 26. 46. 49. 50. 83. 171

12,17 p. 94. 97. 108. 153

12, 18 p. 94

13, 19 p. 49. 94. 132. 165

13, 20 p. 9. 26. 47. 48. 49. 87. 95

14,21 p. 26. 31. 94. 167

14, 22 Ρ. 51

15, 22 Ρ. 48. 51. 94 big. 176

16, 24 p. 24. 28. 47. 48. 51. 94.
163. 169. 178

17, -25 p. 30. 168. 171

17, ⁶26 p. 42. 94. 169

18, 27 Ρ. 30. 50 bis. 126. 176

18, 28 p. 167. 169

19, 28 p. 109. 169. 173

19,29 p. 49. 90. 165. 167. 169

19, 30 p. 50. 94. 164. 174

20,3l p. 40. 95. 126. 176

20, 32 Ρ. 27. 168

20, 33 p. 31. 118. 124

21,33 p. 27. 94. 177

21, 34 p. 25. 26. 84

22, 34 Ρ. 6. 23. 24bzsss. 26. 27. 32.
37. 40. 46. 47. 94. 95. 98. 168.
169 bz's

23, 35 p. 13. 26. 28. 32. 95. 99

23, 36 Ρ. 25 bis. 92

24, 37 p. 25. 30. 31. 39. 48. 176

24, 38 p. 28. 48. 50. 102. 127.
131. 132. 163 bis. 177

25, 39 p. 23. 27. 28. 31. 46. 48.
50. 94. 131. 165

25, 40 p. 26. 165

26, 40 Ρ. 28

26, 41 Ρ. 17. 50. 127. 155. 163

