184

159. 175. 177 bis

12,18 p. 40. 42 bis. 60. 96. 118

’ ter. 125. 133.136. 137. 165.
177. 178

13,18 p. 4. 50

13,19 p. 25. 42. 46. 48. 116.
167. 172

14, 20 p. 20. 25. 108

14,21 p. 72. 163

15,21 p. 42. 50. 160. 163

15, 22 p. 24. 25. 43. 163. 170.

16, 23 p. 22. 25 bris. 28. 40. 45.
48. 127

16, 24 p. 30. 175

17,24 p. 22. 23. 30. 47. 48. 95

17,25 p. 9. 91

18,25 p. 44. 70. 170

18, 26 p. 163

19, 26 p. 8. 40. 49. 50. 72. 88.
100. 170

19, 27 p. 22. 28. 88. 100. 163.

20, 27 p. 29. 42

20, 28 p. 23. 27. 30. 48. 97. 98
bis. 171. 177

21,29 p. 22. 37. 47. 72. 88. 96.
97. 164. 168

22,30 p. 27. 28. 47. 49. 72. 88
bis. 97. 98

22, 31 p. 22. 26. 46ϋί3. 98. 105.
152. 154. 163. 165. 169. 170

23,32 p. 165

23, 33 p. 48 bis

24, 33 p. 25. 50. 108. 171. 173

24, 34 p. 25. 30 47. 106

25, 34 p. 23. 47. 48. 105

25, 35 p. 32. 46. 89. 108. 128.

26, 35 p. 170. 178

26, 36 p. 23. 25. 27. 49. 98. 168.

27, 37 p. 23. 42. 48. 88. 164. 173

28, 38 p. 28. 47. 48 bis. 88. 92.
108. 114. 159. 166. 168

28, 39 p. 40. 46. 47. 72. 87. 114
ter. 160

29, 39 p. 44. 168. 177

29, 40 p. 28 bis. 46. 153. 166.
172. 177

29, 41 p. 28

30, 41 p. 21. 26. 42. 44. 97. 114.
115. 167. 172. 173 bis

3l,42 p. 24. 30. 41. 46. 49. 97.
98. 116. 121. 140. 177. 178

CONSPECTUS RERUM ET LOCORUM.

IV 12,17 p. 28. 44. 61. 75. 91. 95. IV 32, 43 p. 18. 22 bis. 24. 26. 29.

50. 88. 95. 133. 148. 172. 178
32, 44 p. 8. 2249. 100. 163. 177
33, 44 p. 46. 95. 114
34, 45 p. 20. 23. 28. 29. 46. 47.

50. 87. 108. 114. 153. 165. 173
34, 46 p. 20. 27. 46. 90 '165b1's.

169. 177. 178
35, 47 p. 21. 22. 50. 91. 106.

155. 163. 178
36, 48 p. 27. 49 bis. 50. 91. 163
37, 49 p.25. 30. 87. 163. 176.
37, 50 p. 47. 93
38, 50 p. 25. 27. 48. 90. 148.

166. 177
39, 51 p. 21. 22. 25 bis. 30. 35.

47. 123. 163. 164. 165. 168.

170. 178
40, 52 p. 24. 46. 47. 49. 50
40, 53 p. 51
41,53 p. 29. 30. 173. 174
42, 54 p. 50 bis, 87. 111. 165
43, 55 p. 22. 50. 177
43, 56 p. 21. 94. 46. 93
44, 56 p. 23. 26. 49. 87. 111.

177
44, 57 p. 21. 25. 26. 27. 30. 40. 42.

49 bis. 50 bis. 98. 103. 158. 168
44, 58 p. 93. 102. 111
45, 58 p. 29. 42
45, 59 p. 91
46, 59 p. 49 bis. 47. 50. 93
47, 60 p. 28 bis. 29 bis. 3O bis

42. 46. 48 bis. 49. 50 quiu-

quiens. 87
49, 61 p. 25. 40. 42. 165. 170. 176
49, 62 p. 26. 30. 32. 35. 38. 50

bis. 127. 166 bis. 167
49, 63 p. 164
50, 63 p. 19. 166 bis.172 bis. 173
51, 64 p. 30. 48. 50. 154. 164ter.

168. 171. 173. 178
51, 65 p. 163
52, 65 p. 28 bis. 37. 40. 44 bis.

50. 51. 95. 108. 164
53, 66 1123. 48. 103. 155. 165.17S
53, 67 p. 27. 44. 91. 98
54, 67 p. 114. 164
54, 68 p. 22. 28. 40. 42 bis. 45.

60. 61. 153
55, 68 p. 25. 26 bis. 27. 28. 34.

50. 61. 95. 105. 170
56, 69 p. 19. 26. 40. 44 bis. 49

50. 82. 85. 86. 87Μ3. 90. 91.

164. 170. 171 bis. 178 bis

